0 0.006780 0.008421 0.126920 0.334065 0.017260 0.014161
0 0.009465 0.010703 0.128935 0.343911 0.019855 0.016634
0 0.006685 0.012315 0.132905 0.358815 0.016800 0.017119
0 0.006105 0.012550 0.135745 0.369980 0.014205 0.017287
0 0.006440 0.012529 0.139440 0.386559 0.014055 0.017304
0 0.005340 0.011966 0.138705 0.383792 0.013595 0.017344
0 0.005370 0.011968 0.139865 0.388443 0.013935 0.017464
0 0.005985 0.012073 0.141635 0.394189 0.014635 0.018155
0 0.005310 0.012106 0.142245 0.397183 0.015185 0.018665
0 0.002530 0.011995 0.139955 0.389384 0.011920 0.014319
0 0.001095 0.013472 0.139315 0.386156 0.008590 0.013282
0 -0.002080 0.012739 0.138885 0.384180 0.007030 0.013057
0 -0.001960 0.012905 0.137020 0.376634 0.009870 0.017633
0 -0.004800 0.012477 0.135125 0.364677 0.008465 0.016385
0 -0.004740 0.012481 0.134210 0.360643 0.010145 0.018263
0 -0.006480 0.014376 0.133995 0.359393 0.009960 0.018207
0 -0.005865 0.013804 0.131735 0.348432 0.013350 0.020406
0 -0.006810 0.014947 0.130880 0.343090 0.015185 0.020042
0 -0.006445 0.014866 0.125260 0.312473 0.015795 0.020441
0 -0.010875 0.016632 0.122050 0.296177 0.012405 0.019248
0 -0.013440 0.017108 0.119120 0.282105 0.010815 0.018038
0 -0.017135 0.015288 0.115575 0.266878 0.008130 0.015528
0 -0.017075 0.015191 0.113315 0.256773 0.008805 0.014791
0 -0.019580 0.019173 0.110020 0.244270 0.009080 0.014522
0 -0.021655 0.020635 0.106020 0.226574 0.009170 0.014510
0 -0.025015 0.024712 0.104920 0.223167 0.009110 0.014528
0 -0.026755 0.025645 0.101805 0.212890 0.007520 0.014745
0 -0.029630 0.027559 0.099820 0.206458 0.004560 0.014449
0 -0.029690 0.027575 0.096885 0.194526 0.003185 0.013599
0 -0.028070 0.026995 0.098535 0.199866 0.003700 0.013728
0 -0.027400 0.026139 0.097130 0.193810 0.005105 0.013101
0 -0.029170 0.029133 0.095940 0.189013 0.005505 0.012975
0 -0.032990 0.029278 0.094935 0.186015 0.004005 0.009743
0 -0.036075 0.035932 0.092585 0.174979 0.003270 0.009712
0 -0.037815 0.036868 0.091940 0.172483 0.001135 0.007684
0 -0.036045 0.035073 0.088640 0.157648 0.000800 0.007648
0 -0.036170 0.035157 0.088975 0.159044 -0.001945 0.005092
0 -0.035930 0.034814 0.084545 0.140339 -0.001550 0.005379
0 -0.039075 0.038811 0.085920 0.145613 -0.002710 0.004835
0 -0.037150 0.036228 0.084090 0.139870 -0.000605 0.004560
0 -0.037395 0.036537 0.084885 0.143067 -0.000880 0.004549
0 -0.036385 0.035993 0.083205 0.139250 0.003395 0.011336
0 -0.037850 0.039128 0.084000 0.142388 0.005255 0.011208
0 -0.038340 0.040474 0.085985 0.148986 0.005955 0.010800
0 -0.037760 0.039739 0.088215 0.157366 0.008460 0.013094
0 -0.033940 0.035902 0.088125 0.157127 0.013105 0.020267
0 -0.033235 0.035243 0.089345 0.160263 0.016160 0.021602
0 -0.032195 0.033797 0.089225 0.159972 0.019520 0.022396
0 -0.036350 0.041897 0.090540 0.164488 0.020830 0.023129
0 -0.039710 0.045378 0.091425 0.168262 0.020800 0.023117
0 -0.040015 0.045715 0.093195 0.176169 0.021500 0.023370
0 -0.036350 0.042367 0.095275 0.185304 0.024645 0.026728
0 -0.033750 0.041020 0.099155 0.201326 0.025990 0.029487
0 -0.030360 0.034105 0.102085 0.215727 0.028160 0.030724
0 -0.028710 0.033133 0.101720 0.214469 0.028710 0.030869
0 -0.027245 0.033517 0.101905 0.215066 0.029870 0.031311
0 -0.021960 0.040743 0.097140 0.203749 0.032435 0.033352
0 -0.014475 0.052887 0.094085 0.200050 0.034820 0.037566
0 -0.010350 0.049054 0.087700 0.188428 0.032775 0.039377
0 -0.006410 0.052776 0.084065 0.184974 0.030855 0.039614
0 -0.004150 0.051607 0.076885 0.174383 0.026945 0.046237
0 -0.003385 0.051687 0.078445 0.177872 0.019310 0.044712
0 -0.005735 0.060455 0.072550 0.166536 0.014365 0.051277
0 -0.007290 0.066098 0.070715 0.160277 0.013480 0.051873
0 -0.006100 0.065357 0.062805 0.148203 0.017450 0.065725
0 -0.006435 0.065246 0.060115 0.143907 0.010730 0.060968
0 -0.004850 0.065128 0.058435 0.139798 0.002175 0.075913
0 -0.001825 0.065662 0.054920 0.136169 -0.004485 0.082878
0 0.005140 0.059413 0.048690 0.126547 -0.006925 0.082489
0 0.008100 0.055608 0.048660 0.126406 -0.004175 0.086754
0 0.010575 0.054775 0.046220 0.115941 -0.001945 0.090282
0 0.004710 0.065832 0.046065 0.115126 -0.003290 0.087808
0 0.003610 0.065828 0.048475 0.131383 -0.003350 0.087651
0 0.004435 0.065477 0.050740 0.147452 -0.003165 0.087942
0 0.004280 0.065486 0.053915 0.162277 -0.000965 0.091075
0 0.003305 0.065101 0.056605 0.174300 0.001940 0.097074
0 0.003460 0.065642 0.063905 0.199613 0.004870 0.106008
0 -0.001215 0.052983 0.073345 0.235662 0.003920 0.103729
0 0.001105 0.056751 0.085595 0.286978 0.006240 0.102063
0 -0.002040 0.052829 0.095490 0.321065 0.006175 0.102119
0 -0.001335 0.053296 0.106945 0.357075 0.013260 0.099388
0 -0.000725 0.053692 0.113695 0.394169 0.018635 0.095680
0 0.009020 0.045991 0.124785 0.437570 0.025325 0.091399
0 0.013690 0.034695 0.133000 0.485613 0.027555 0.091040
0 0.015765 0.036025 0.141095 0.497431 0.024805 0.080162
0 0.012465 0.039866 0.147115 0.514069 0.024835 0.080102
0 0.012680 0.039997 0.149435 0.519923 0.030855 0.063224
0 0.010755 0.038868 0.154050 0.525842 0.034335 0.054924
0 0.010665 0.038703 0.158080 0.527679 0.038825 0.058941
0 0.009780 0.039112 0.154750 0.517252 0.037545 0.056315
0 0.009045 0.038848 0.152000 0.511749 0.036140 0.053741
0 0.015030 0.027800 0.146745 0.496576 0.033695 0.053134
0 0.019580 0.033976 0.136485 0.461520 0.030640 0.049145
0 0.023245 0.038869 0.126130 0.423254 0.028685 0.047584
0 0.023520 0.038856 0.116815 0.403925 0.024315 0.045403
0 0.025900 0.041032 0.108720 0.386177 0.020680 0.039118
0 0.019210 0.035447 0.101940 0.361869 0.012495 0.031581
0 0.011850 0.051161 0.086545 0.340539 0.008895 0.029542
0 0.002995 0.060059 0.074205 0.289312 0.007795 0.029802
0 -0.002170 0.070796 0.065685 0.254925 0.006150 0.032355
0 -0.003085 0.070266 0.059180 0.221091 0.003555 0.028669
0 -0.004280 0.069763 0.054570 0.191319 0.000500 0.027857
0 -0.004220 0.069952 0.048460 0.154408 -0.001365 0.025367
0 0.002410 0.084046 0.046355 0.136610 0.000220 0.027617
0 0.005435 0.092220 0.048860 0.151337 -0.003170 0.022345
0 0.015605 0.108400 0.050170 0.159046 0.000525 0.020692
0 0.021100 0.124232 0.055975 0.193666 0.000740 0.020638
0 0.025375 0.130660 0.060190 0.214749 0.001690 0.020115
0 0.028060 0.138287 0.061750 0.219245 0.000865 0.018109
0 0.031940 0.140987 0.064470 0.227606 0.001535 0.019369
0 0.036340 0.148801 0.068595 0.238846 0.004955 0.028622
0 0.037775 0.150339 0.079350 0.295181 0.002880 0.031730
0 0.037560 0.149683 0.087445 0.316772 0.001780 0.032057
0 0.038140 0.151423 0.089030 0.317206 0.002055 0.032107
0 0.041255 0.155393 0.093980 0.319131 0.001840 0.032383
0 0.038995 0.153288 0.097830 0.321165 0.000405 0.032751
0 0.039450 0.152518 0.096855 0.320678 0.003610 0.029411
0 0.043485 0.138327 0.109805 0.325720 0.004005 0.029134
0 0.048890 0.125018 0.118905 0.351084 0.002910 0.030344
0 0.052830 0.114499 0.129595 0.402348 0.002940 0.030278
0 0.052005 0.114686 0.137135 0.443617 -0.000725 0.034223
0 0.050665 0.115628 0.144860 0.501832 -0.001120 0.034660
0 0.047275 0.109831 0.153810 0.564315 0.000745 0.037149
0 0.042600 0.096665 0.158300 0.605587 0.000440 0.036561
0 0.034690 0.091297 0.160345 0.620874 -0.000595 0.036786
0 0.025220 0.073947 0.164010 0.648910 -0.001115 0.036359
0 0.013860 0.067893 0.161900 0.633671 0.001115 0.037973
0 0.006990 0.064518 0.162785 0.639719 0.004200 0.041245
0 -0.000490 0.057267 0.166205 0.655680 0.003650 0.040214
0 -0.005680 0.056031 0.167850 0.663266 0.003650 0.040214
0 -0.014050 0.053723 0.169160 0.669417 0.000050 0.030723
0 -0.020095 0.057736 0.162685 0.625606 0.003990 0.027776
0 -0.025620 0.052897 0.162315 0.623534 0.004905 0.027433
0 -0.030655 0.046099 0.169340 0.648560 0.000350 0.034407
0 -0.037160 0.045671 0.170895 0.652966 -0.000105 0.035113
0 -0.039115 0.046839 0.172785 0.658017 0.000475 0.034767
0 -0.038625 0.046272 0.178375 0.670253 0.003350 0.038764
0 -0.038750 0.046496 0.179290 0.675545 0.003565 0.038665
0 -0.043210 0.055014 0.179565 0.677307 0.002740 0.040210
0 -0.043880 0.055800 0.171715 0.631552 0.006495 0.037660
0 -0.046600 0.059743 0.164385 0.591326 0.010925 0.034180
0 -0.046325 0.059486 0.154215 0.525003 0.014010 0.033998
0 -0.048310 0.059977 0.144775 0.460952 0.012235 0.031613
0 -0.053195 0.063966 0.134880 0.391071 0.011075 0.030081
0 -0.052035 0.061833 0.128925 0.355542 0.014950 0.033538
0 -0.051455 0.060928 0.123520 0.317569 0.018280 0.039900
0 -0.045835 0.051786 0.120740 0.302702 0.022095 0.051733
0 -0.044615 0.049764 0.119945 0.297174 0.019620 0.048594
0 -0.042785 0.047574 0.118995 0.291716 0.019010 0.047752
0 -0.040345 0.045659 0.120125 0.298289 0.018030 0.046063
0 -0.031760 0.049214 0.122385 0.312341 0.018275 0.046372
0 -0.018810 0.076598 0.129165 0.359587 0.020535 0.050208
0 -0.007510 0.112377 0.133625 0.392133 0.021545 0.050573
0 -0.002075 0.120332 0.138515 0.433149 0.021545 0.050573
0 0.007365 0.131345 0.143740 0.462429 0.025515 0.049815
0 0.015215 0.144387 0.145755 0.471070 0.034525 0.078466
0 0.018730 0.145555 0.147495 0.480081 0.035105 0.080036
0 0.025420 0.150317 0.149665 0.495442 0.036140 0.080014
0 0.031895 0.142266 0.147835 0.484743 0.037755 0.077391
0 0.036445 0.143284 0.146275 0.481433 0.033420 0.081610
0 0.037545 0.140796 0.144015 0.477596 0.026730 0.093198
0 0.041300 0.142700 0.135830 0.483996 0.026085 0.092625
0 0.042400 0.141843 0.130120 0.479667 0.027065 0.093604
0 0.051350 0.147340 0.114845 0.525049 0.023065 0.096684
0 0.048115 0.156636 0.115760 0.528693 0.014880 0.103592
0 0.054225 0.162194 0.102230 0.535648 0.010575 0.097011
0 0.055600 0.163520 0.088580 0.551629 0.006420 0.084592
0 0.061770 0.170249 0.069370 0.570185 0.008680 0.087324
0 0.066780 0.176879 0.048145 0.633935 0.014665 0.108551
0 0.070020 0.180985 0.023130 0.723220 0.018240 0.118436
0 0.071180 0.185740 -0.000725 0.775711 0.023000 0.133948
0 0.069470 0.174762 -0.028125 0.803087 0.023825 0.136359
0 0.062660 0.142048 -0.048925 0.780186 0.024495 0.137048
0 0.060705 0.136725 -0.074550 0.767643 0.027890 0.130114
0 0.055510 0.122419 -0.092510 0.750418 0.025325 0.129178
0 0.053220 0.113719 -0.112850 0.802217 0.014755 0.101951
0 0.053220 0.113719 -0.130595 0.814400 0.009685 0.097106
0 0.051480 0.109141 -0.153165 0.825690 0.009475 0.097030
0 0.048790 0.108528 -0.169050 0.835535 0.009170 0.097349
0 0.048700 0.108350 -0.185145 0.904612 0.011060 0.093758
0 0.054745 0.111775 -0.198400 0.955438 0.012860 0.087184
0 0.054775 0.111834 -0.201305 0.968621 0.012955 0.087250
0 0.058010 0.114828 -0.212605 1.029258 0.012465 0.086651
0 0.054680 0.105359 -0.214955 1.051227 0.018360 0.086694
0 0.061430 0.095342 -0.236825 1.132501 0.022910 0.076223
0 0.057920 0.088558 -0.246905 1.225804 0.021780 0.076974
0 0.056515 0.087227 -0.256620 1.321229 0.019370 0.076157
0 0.052485 0.079348 -0.263980 1.401567 0.015950 0.073679
0 0.045585 0.075222 -0.264500 1.407316 0.009475 0.051997
0 0.041000 0.071649 -0.252035 1.307577 0.003430 0.041133
0 0.030795 0.066034 -0.243910 1.242788 -0.004785 0.025366
0 0.021905 0.045878 -0.240185 1.205486 -0.003870 0.028728
0 0.021200 0.044547 -0.248310 1.287204 0.000010 0.039980
0 0.019125 0.042070 -0.252770 1.337008 0.004285 0.044570
0 0.021205 0.045364 -0.264040 1.454027 0.004865 0.044346
0 0.018305 0.040166 -0.262175 1.436093 0.003825 0.046464
0 0.016625 0.038377 -0.255365 1.403497 0.002115 0.049436
0 0.018700 0.044259 -0.247210 1.354181 0.000435 0.050072
0 0.023070 0.048446 -0.242810 1.331978 -0.000725 0.051942
0 0.025270 0.054764 -0.235235 1.274590 -0.001580 0.053193
0 0.018615 0.052221 -0.226925 1.226942 -0.000355 0.050234
0 0.014005 0.051136 -0.228330 1.235663 0.001995 0.054225
0 0.007315 0.053580 -0.223505 1.197458 0.001905 0.054134
0 0.002155 0.055899 -0.219475 1.162554 -0.004145 0.054265
0 -0.000075 0.054923 -0.211535 1.088640 -0.006065 0.056565
0 -0.003405 0.057189 -0.201760 0.996279 -0.009795 0.066070
0 -0.002610 0.057844 -0.196505 0.934734 -0.010285 0.066442
0 -0.001785 0.058493 -0.192840 0.888831 -0.009095 0.066308
0 0.001300 0.055934 -0.195405 0.920713 -0.011325 0.066503
0 0.003410 0.055662 -0.205640 0.994661 -0.010225 0.066342
0 0.008575 0.048400 -0.216115 1.088813 -0.007965 0.065335
0 0.010135 0.047416 -0.220785 1.137563 -0.013615 0.055201
0 0.005980 0.047541 -0.220905 1.139172 -0.019600 0.042709
0 0.005520 0.047445 -0.220600 1.135241 -0.022535 0.037848
0 0.003535 0.044164 -0.214215 1.055944 -0.023330 0.038179
0 0.004570 0.045280 -0.214920 1.062465 -0.021065 0.034796
0 0.006950 0.048537 -0.225215 1.126889 -0.019695 0.032293
0 0.003345 0.040434 -0.231570 1.161036 -0.022080 0.036968
0 0.003925 0.042158 -0.238015 1.198961 -0.019665 0.034388
0 0.000320 0.033673 -0.241985 1.223305 -0.019785 0.034606
0 0.005510 0.032812 -0.248860 1.258582 -0.018075 0.032544
0 0.008775 0.031884 -0.248675 1.257351 -0.023330 0.029499
0 0.015220 0.028881 -0.250540 1.269822 -0.025135 0.028946
0 0.019465 0.025312 -0.250480 1.269404 -0.022050 0.025358
0 0.022180 0.026920 -0.252095 1.280236 -0.017775 0.024391
0 0.025475 0.024463 -0.253865 1.291129 -0.013315 0.014397
0 0.026330 0.025683 -0.250475 1.263509 -0.011605 0.013940
0 0.026575 0.025966 -0.244645 1.213249 -0.012370 0.013893
0 0.026390 0.025915 -0.235605 1.125129 -0.012800 0.014386
0 0.026575 0.026052 -0.230565 1.078571 -0.014390 0.014922
0 0.027030 0.026416 -0.223420 1.005063 -0.014600 0.014841
0 0.028435 0.027145 -0.218715 0.956037 -0.014720 0.014901
0 0.033385 0.028343 -0.212545 0.888212 -0.014200 0.014848
0 0.036530 0.032193 -0.208760 0.845545 -0.013895 0.015028
0 0.035030 0.031899 -0.207020 0.829557 -0.013775 0.014943
0 0.034175 0.030968 -0.205675 0.817440 -0.015640 0.017458
0 0.031975 0.027919 -0.201735 0.782639 -0.016340 0.018556
0 0.033535 0.030063 -0.201365 0.779746 -0.013345 0.013380
0 0.031120 0.024795 -0.199045 0.762105 -0.014505 0.014053
0 0.031545 0.025230 -0.199535 0.766024 -0.010105 0.013527
0 0.028735 0.023174 -0.199990 0.769734 -0.007020 0.015660
0 0.026905 0.022719 -0.201180 0.778244 -0.005215 0.014162
0 0.025105 0.020264 -0.200935 0.776423 -0.004420 0.014053
0 0.024980 0.020165 -0.201085 0.777488 -0.004785 0.014095
0 0.025010 0.020216 -0.200875 0.775941 -0.006435 0.012782
0 0.024465 0.020023 -0.201275 0.778791 -0.006955 0.013137
0 0.024280 0.019709 -0.200695 0.774927 -0.006740 0.013243
0 0.023635 0.019063 -0.202405 0.787008 -0.005275 0.013727
0 0.021040 0.021208 -0.203810 0.796517 -0.002250 0.013344
0 0.015450 0.029059 -0.207015 0.823949 -0.003440 0.015094
0 0.012460 0.029621 -0.209120 0.841441 -0.005975 0.016951
0 0.011450 0.028906 -0.209275 0.842778 -0.004725 0.016859
0 0.009525 0.026032 -0.208515 0.836520 -0.003690 0.017375
0 0.005525 0.022284 -0.208180 0.833294 -0.004300 0.017102
0 0.004730 0.022809 -0.209160 0.841999 -0.002800 0.016986
0 0.002810 0.022731 -0.208000 0.832716 -0.002160 0.015794
0 0.002720 0.022684 -0.207080 0.826385 -0.000540 0.013803
0 0.000370 0.020050 -0.207235 0.827582 -0.000570 0.013820
0 0.001015 0.021041 -0.209585 0.845440 0.001720 0.013460
0 -0.000970 0.020124 -0.210530 0.853520 -0.000270 0.011831
0 0.002270 0.023243 -0.211875 0.865426 -0.000945 0.010724
0 0.000680 0.024939 -0.211570 0.863143 -0.002135 0.011430
0 0.000040 0.024658 -0.212270 0.868458 -0.001005 0.012139
0 -0.002190 0.024876 -0.210255 0.855692 -0.000365 0.012132
0 -0.006190 0.024267 -0.208115 0.841967 0.001435 0.013649
0 -0.008115 0.025367 -0.205975 0.828232 0.003115 0.013252
0 -0.011535 0.024260 -0.203530 0.814921 0.002230 0.013071
0 -0.013550 0.024238 -0.199835 0.791751 -0.000240 0.013283
0 -0.012605 0.022900 -0.194215 0.763123 -0.003050 0.013409
0 -0.007230 0.015192 -0.185050 0.706238 -0.000455 0.011046
0 -0.007050 0.014963 -0.177445 0.659364 0.001100 0.009282
0 -0.008240 0.015121 -0.170025 0.616414 0.001010 0.009248
0 -0.010195 0.015159 -0.164740 0.585236 -0.000055 0.008739
0 -0.013005 0.020073 -0.156615 0.533718 -0.001000 0.008910
0 -0.014135 0.021647 -0.148825 0.484871 -0.000485 0.009283
0 -0.016855 0.026481 -0.141615 0.450396 0.001900 0.007710
0 -0.021530 0.032706 -0.132360 0.423075 0.002080 0.007617
0 -0.022115 0.032710 -0.124540 0.385421 0.004735 0.008868
0 -0.025050 0.030746 -0.115655 0.339558 0.006170 0.010767
0 -0.025810 0.031190 -0.107960 0.293031 0.008280 0.012568
0 -0.030485 0.029104 -0.099865 0.241497 0.008495 0.012877
0 -0.029110 0.027605 -0.097545 0.226049 0.010965 0.012622
0 -0.030150 0.027784 -0.091650 0.192160 0.008430 0.012514
0 -0.032805 0.033071 -0.090305 0.185123 0.005930 0.014439
0 -0.034850 0.037583 -0.089815 0.182379 0.003245 0.013148
0 -0.036960 0.042073 -0.091310 0.191936 0.002420 0.013062
0 -0.037970 0.043480 -0.095830 0.221302 0.002875 0.013077
0 -0.037420 0.043191 -0.100045 0.249484 0.002260 0.013891
0 -0.041085 0.052176 -0.108385 0.302589 -0.000550 0.020348
0 -0.046155 0.058487 -0.118955 0.375741 -0.001680 0.020716
0 -0.047190 0.060073 -0.130380 0.464909 -0.000885 0.020563
0 -0.046395 0.059905 -0.140395 0.534045 -0.002720 0.021273
0 -0.047065 0.060571 -0.144210 0.554498 -0.008035 0.032239
0 -0.043215 0.055698 -0.149950 0.585574 -0.009165 0.033363
0 -0.039485 0.054589 -0.154165 0.605982 -0.009225 0.033307
0 -0.035605 0.049666 -0.159510 0.627428 -0.007485 0.035063
0 -0.031390 0.043398 -0.169100 0.656499 -0.006690 0.034977
0 -0.029465 0.044451 -0.175850 0.685518 -0.011605 0.036981
0 -0.027845 0.044699 -0.180550 0.701364 -0.017255 0.038806
0 -0.023875 0.047477 -0.188885 0.752679 -0.016215 0.041054
0 -0.020425 0.047285 -0.194475 0.781684 -0.017525 0.039679
0 -0.015140 0.055474 -0.198200 0.807853 -0.018380 0.039168
0 -0.009030 0.066595 -0.203640 0.836980 -0.016240 0.039037
0 -0.001485 0.065935 -0.210115 0.882643 -0.014835 0.037403
0 0.004900 0.062478 -0.216255 0.929391 -0.014805 0.037387
0 0.011315 0.059308 -0.221665 0.977530 -0.011900 0.040201
0 0.013640 0.057060 -0.226370 1.024231 -0.014130 0.041641
0 0.016145 0.058543 -0.230920 1.069416 -0.013395 0.040728
0 0.020270 0.048716 -0.235440 1.120282 -0.012995 0.039434
0 0.026805 0.043533 -0.238525 1.157722 -0.010215 0.040422
0 0.033585 0.047680 -0.241030 1.190654 -0.008080 0.042549
0 0.037980 0.055144 -0.243935 1.225099 -0.007530 0.042060
0 0.040665 0.054176 -0.250930 1.291377 -0.008145 0.044785
0 0.040600 0.054171 -0.256460 1.345066 -0.005795 0.043586
0 0.042065 0.056538 -0.264430 1.420774 -0.002860 0.049640
0 0.045425 0.061458 -0.270725 1.473947 -0.002985 0.049435
0 0.045670 0.061492 -0.275250 1.512228 -0.005915 0.052268
0 0.045735 0.061570 -0.278855 1.541904 -0.002495 0.048795
0 0.046590 0.062419 -0.281665 1.559246 0.001200 0.044610
0 0.047535 0.064801 -0.279315 1.539602 -0.000880 0.041049
0 0.048270 0.065887 -0.280875 1.551882 -0.002655 0.041430
0 0.046985 0.062008 -0.281515 1.557387 -0.004395 0.042246
0 0.043470 0.052364 -0.280050 1.547448 -0.007390 0.043523
0 0.042155 0.049329 -0.277240 1.523915 -0.007545 0.043628
0 0.040625 0.047307 -0.273790 1.494366 -0.008585 0.044626
0 0.039555 0.045617 -0.269970 1.458350 -0.010600 0.041972
0 0.040835 0.046154 -0.264930 1.409436 -0.007545 0.040983
0 0.040165 0.045300 -0.260715 1.367302 -0.005225 0.040901
0 0.041995 0.045215 -0.254420 1.301237 -0.000340 0.035330
0 0.039980 0.043241 -0.246815 1.222899 -0.003245 0.034500
0 0.035885 0.036401 -0.238260 1.131182 -0.005840 0.032416
0 0.033415 0.030299 -0.229795 1.049495 -0.003915 0.032601
0 0.034240 0.031169 -0.224330 0.994146 0.001770 0.018866
0 0.033355 0.031425 -0.220265 0.952043 -0.001220 0.021200
0 0.030790 0.028363 -0.215560 0.900805 -0.003575 0.015805
0 0.025290 0.024843 -0.211680 0.863865 -0.004155 0.015015
0 0.024590 0.024844 -0.210305 0.850329 -0.000825 0.012314
0 0.021260 0.025077 -0.208410 0.833177 -0.001710 0.012320
0 0.019610 0.023877 -0.210000 0.846014 -0.000705 0.013073
0 0.015790 0.018420 -0.210580 0.850533 -0.001345 0.012672
0 0.011575 0.017768 -0.209235 0.839641 -0.001495 0.012820
0 0.008980 0.013768 -0.202945 0.798807 0.000215 0.011987
0 0.007635 0.012593 -0.198270 0.777822 0.002565 0.010345
0 0.006780 0.011301 -0.191460 0.745854 0.004550 0.010407
0 0.006385 0.011056 -0.181535 0.712179 0.007665 0.009914
0 0.003425 0.010943 -0.169960 0.672100 0.007050 0.009771
0 -0.003750 0.024272 -0.156460 0.638383 0.003600 0.011533
0 -0.007145 0.025151 -0.147785 0.594472 0.002470 0.011056
0 -0.007265 0.025063 -0.140305 0.555487 0.002685 0.011248
0 -0.008700 0.025497 -0.132885 0.521957 0.006045 0.012777
0 -0.009950 0.025963 -0.124855 0.487314 0.008855 0.015208
0 -0.008975 0.027875 -0.120675 0.467189 0.011725 0.020901
0 -0.006530 0.033854 -0.112425 0.427071 0.013100 0.021425
0 -0.001000 0.042943 -0.105190 0.383195 0.015295 0.018952
0 -0.003565 0.044968 -0.101740 0.356088 0.010320 0.022294
0 -0.001275 0.043633 -0.099205 0.337884 0.007510 0.022344
0 0.001535 0.046138 -0.094165 0.300050 0.006745 0.022194
0 0.003735 0.045080 -0.087385 0.260601 0.006285 0.022452
0 0.006330 0.048027 -0.081675 0.222487 0.004605 0.021671
0 0.007980 0.048987 -0.076790 0.191558 0.002225 0.023077
0 0.010945 0.047988 -0.074070 0.173222 0.003140 0.022448
0 0.010975 0.048004 -0.076760 0.187514 0.003600 0.022620
0 0.010945 0.047994 -0.082410 0.216447 0.003725 0.022655
0 0.009970 0.047240 -0.090350 0.259031 0.002260 0.022304
0 0.011220 0.048434 -0.100580 0.296852 0.001805 0.021888
0 0.014425 0.048820 -0.111390 0.332482 0.002815 0.022291
0 0.020165 0.034661 -0.123150 0.354749 0.005565 0.020123
0 0.022975 0.033124 -0.129470 0.381113 0.006270 0.020297
0 0.020410 0.034143 -0.135820 0.411483 0.005415 0.019761
0 0.019735 0.034955 -0.142750 0.441403 0.005540 0.019992
0 0.018085 0.037578 -0.149805 0.468843 0.003160 0.017509
0 0.013260 0.035789 -0.154080 0.489337 0.000445 0.011910
0 0.007915 0.029114 -0.159945 0.511788 -0.001725 0.011716
0 0.002475 0.020075 -0.163335 0.526775 -0.004810 0.016181
0 0.006200 0.018814 -0.162265 0.520429 -0.002215 0.012053
0 0.007515 0.019919 -0.161440 0.515715 -0.002120 0.011950
0 0.004825 0.017423 -0.161745 0.517387 -0.006090 0.018603
0 -0.002110 0.033878 -0.163580 0.524171 -0.010610 0.030008
0 -0.011850 0.050417 -0.165810 0.535594 -0.012105 0.031161
0 -0.018475 0.059451 -0.167765 0.545339 -0.010185 0.029730
0 -0.023335 0.064477 -0.171400 0.570488 -0.011010 0.030245
0 -0.028680 0.072698 -0.173780 0.587498 -0.013760 0.031651
0 -0.032435 0.076877 -0.172955 0.581836 -0.015470 0.032182
0 -0.035310 0.078827 -0.169965 0.560388 -0.016600 0.033041
0 -0.038270 0.077745 -0.165200 0.533043 -0.017670 0.032675
0 -0.040560 0.076392 -0.161720 0.511769 -0.018190 0.032344
0 -0.041355 0.076688 -0.159400 0.498817 -0.020970 0.034437
0 -0.041140 0.076857 -0.155735 0.479866 -0.024665 0.037734
0 -0.036960 0.078404 -0.153110 0.463514 -0.027050 0.039180
0 -0.033230 0.078890 -0.150605 0.448328 -0.028640 0.037069
0 -0.029200 0.076723 -0.149565 0.441789 -0.027330 0.037960
0 -0.025350 0.076980 -0.148160 0.433431 -0.028250 0.037346
0 -0.021655 0.079407 -0.147060 0.427103 -0.027760 0.037087
0 -0.020585 0.079371 -0.149045 0.440200 -0.026505 0.034412
0 -0.020890 0.079042 -0.152255 0.462063 -0.026935 0.034704
0 -0.019670 0.081370 -0.156805 0.494909 -0.023365 0.036240
0 -0.018935 0.081515 -0.160255 0.519027 -0.017225 0.031479
0 -0.012000 0.065293 -0.165260 0.551222 -0.010565 0.020448
0 -0.005650 0.045924 -0.166875 0.561975 -0.009435 0.019409
0 -0.001130 0.035848 -0.166935 0.562322 -0.010260 0.019665
0 0.002015 0.030303 -0.163120 0.536166 -0.011055 0.020677
0 0.006260 0.021651 -0.159300 0.510979 -0.010415 0.019807
0 0.010415 0.017368 -0.155850 0.493091 -0.011025 0.020568
0 0.013870 0.015509 -0.153005 0.479227 -0.009010 0.019725
0 0.016130 0.015468 -0.153280 0.480319 -0.008490 0.019780
0 0.015150 0.016279 -0.149615 0.468301 -0.011725 0.022633
0 0.015150 0.016279 -0.144820 0.455050 -0.010840 0.021281
0 0.012985 0.016500 -0.137585 0.448947 -0.008400 0.017814
0 0.010545 0.014146 -0.127350 0.437391 -0.004855 0.017174
0 0.006570 0.014365 -0.114370 0.438296 -0.004520 0.017435
0 0.002480 0.016955 -0.096105 0.462853 -0.006200 0.016617
0 0.000125 0.015524 -0.077165 0.501969 -0.006200 0.016617
0 -0.000515 0.014352 -0.055880 0.566655 -0.006965 0.017138
0 0.000585 0.015223 -0.030740 0.628364 -0.006355 0.016268
0 0.000585 0.015223 -0.006245 0.663612 -0.007270 0.017417
0 -0.004425 0.013440 0.019290 0.685392 -0.012950 0.019938
0 -0.006990 0.014883 0.042045 0.693417 -0.016220 0.018757
0 -0.008825 0.015459 0.065530 0.705780 -0.017350 0.018122
0 -0.008760 0.015428 0.087305 0.725839 -0.016525 0.018020
0 -0.009065 0.015590 0.107585 0.761716 -0.017225 0.018654
0 -0.010040 0.016443 0.125975 0.788610 -0.016765 0.018013
0 -0.011290 0.017457 0.146740 0.843540 -0.017130 0.018464
0 -0.013035 0.017501 0.166535 0.912520 -0.016155 0.017403
0 -0.013800 0.017051 0.187335 0.994100 -0.014445 0.019254
0 -0.014475 0.016596 0.208165 1.068015 -0.011820 0.022856
0 -0.014200 0.016307 0.227560 1.168991 -0.007730 0.020646
0 -0.015880 0.018683 0.245095 1.263704 -0.006050 0.019789
0 -0.016220 0.019038 0.259760 1.368253 -0.004920 0.019787
0 -0.019580 0.023393 0.269865 1.431029 -0.005470 0.019229
0 -0.021045 0.026577 0.276860 1.481891 -0.005195 0.019511
0 -0.021505 0.027681 0.275575 1.472416 -0.003910 0.019932
0 -0.025320 0.034591 0.275785 1.474306 -0.002840 0.020658
0 -0.027550 0.032948 0.273620 1.452646 -0.001590 0.020038
0 -0.028375 0.032158 0.268455 1.401947 -0.000825 0.019359
0 -0.029505 0.031568 0.265035 1.370146 0.000335 0.018000
0 -0.026295 0.030566 0.261125 1.334996 0.003850 0.013311
0 -0.024035 0.029107 0.259110 1.318494 0.004490 0.012845
0 -0.021745 0.028872 0.255965 1.292532 0.006140 0.014041
0 -0.021505 0.028792 0.254470 1.279562 0.008125 0.015931
0 -0.021565 0.028831 0.253130 1.267458 0.012250 0.017620
0 -0.020740 0.028079 0.253070 1.266947 0.015550 0.017779
0 -0.018055 0.027490 0.251575 1.251816 0.018790 0.017279
0 -0.014970 0.029091 0.248700 1.222877 0.020165 0.016976
0 -0.012010 0.033434 0.244635 1.180289 0.019890 0.016539
0 -0.010420 0.035078 0.240085 1.134920 0.017935 0.013458
0 -0.005440 0.040257 0.233825 1.069677 0.017845 0.013368
0 0.000855 0.042816 0.228145 1.012003 0.017355 0.013408
