1 0.065275 0.356866 0.014065 0.849511 0.021295 0.223142
1 0.059775 0.389079 0.011955 0.835083 0.023615 0.220096
1 0.060200 0.387465 0.007590 0.827180 0.027370 0.221144
1 0.063405 0.384793 0.010610 0.825422 0.024960 0.219766
1 0.066915 0.379956 0.011555 0.824753 0.021570 0.217727
1 0.062885 0.360538 0.017665 0.788208 0.020380 0.219796
1 0.055280 0.355307 0.029330 0.747882 0.016650 0.237882
1 0.058945 0.378396 0.035985 0.744426 0.021045 0.227846
1 0.060745 0.369029 0.029510 0.771851 0.021350 0.227215
1 0.048865 0.270207 0.051955 0.613132 0.012830 0.230096
1 0.038080 0.322546 0.054215 0.601872 0.007850 0.280019
1 0.030015 0.312175 0.065640 0.552312 0.001925 0.300921
1 0.027085 0.316104 0.066255 0.550434 -0.002810 0.304089
1 0.022075 0.296952 0.065155 0.553227 -0.006510 0.297676
1 0.015755 0.307859 0.058740 0.502073 -0.009075 0.298134
1 0.014170 0.298362 0.059565 0.503466 -0.007300 0.308184
1 0.016980 0.309155 0.057820 0.493483 -0.002810 0.315306
1 0.013560 0.304293 0.072575 0.577699 -0.007850 0.325151
1 0.009865 0.294455 0.071845 0.570145 -0.020555 0.257733
1 0.012245 0.319783 0.056175 0.379974 -0.027120 0.220275
1 -0.007670 0.385314 0.039130 0.298112 -0.042085 0.235671
1 -0.004215 0.362725 0.031375 0.276030 -0.036010 0.248842
1 0.003145 0.358582 0.030580 0.276265 -0.031335 0.266464
1 0.006445 0.364794 0.025540 0.283463 -0.027150 0.272292
1 0.002720 0.369797 0.024775 0.283971 -0.028280 0.273540
1 0.006995 0.391327 0.014910 0.357896 -0.022845 0.273828
1 0.011085 0.388800 0.008620 0.365970 -0.017345 0.251477
1 0.019970 0.490115 -0.001670 0.385675 -0.008580 0.278157
1 0.015300 0.519383 0.014370 0.379953 -0.009375 0.279910
1 0.027210 0.619397 -0.000195 0.436060 0.003300 0.297199
1 0.037535 0.567620 0.007010 0.428158 0.025565 0.227758
1 0.034725 0.576242 0.009360 0.431155 0.027675 0.217003
1 0.039795 0.573694 0.010670 0.428310 0.025720 0.223648
1 0.034420 0.575608 0.014150 0.423157 0.026975 0.224519
1 0.053540 0.639546 0.002240 0.414205 0.040140 0.276901
1 0.047705 0.622317 0.006060 0.428170 0.033265 0.252614
1 0.035030 0.624304 0.005755 0.426643 0.026885 0.247766
1 0.032280 0.627283 -0.014985 0.355023 0.040870 0.269390
1 0.036650 0.639899 -0.031630 0.295290 0.042400 0.270499
1 0.006200 0.658378 -0.034590 0.280851 0.029325 0.300176
1 0.029625 0.613453 -0.043600 0.329918 0.042425 0.275080
1 0.037780 0.597360 -0.042195 0.330569 0.035985 0.263065
1 0.036955 0.595730 -0.041490 0.330438 0.025020 0.250730
1 0.032495 0.589671 -0.033670 0.328992 0.018575 0.248239
1 0.028525 0.607429 -0.031715 0.328850 0.010205 0.289995
1 0.044620 0.818609 -0.021515 0.254729 0.018300 0.333591
1 0.047800 0.825655 -0.018980 0.247830 0.024960 0.338364
1 0.050460 0.868092 -0.020935 0.261058 0.022825 0.326361
1 0.037050 1.049817 -0.035780 0.258227 0.014885 0.372045
1 0.016800 0.947552 -0.034255 0.244526 0.006975 0.346400
1 0.010720 0.967491 -0.035720 0.242657 -0.006705 0.341698
1 0.021290 0.968294 -0.040420 0.240645 -0.008875 0.352662
1 0.022725 0.971351 -0.033820 0.247814 -0.009945 0.357516
1 0.043985 1.099023 -0.037360 0.252801 -0.000415 0.405837
1 0.034270 1.029894 -0.027345 0.253549 -0.007500 0.359884
1 0.032160 1.030296 -0.017725 0.340948 -0.001240 0.380972
1 0.028005 1.058825 -0.028080 0.332666 0.006090 0.389733
1 0.020460 1.097926 -0.004225 0.445316 -0.002675 0.357315
1 -0.010695 1.339931 0.003775 0.445992 -0.010680 0.371473
1 0.002345 1.241875 0.001515 0.439848 -0.002615 0.337691
1 -0.001105 1.220807 0.019535 0.404870 -0.014435 0.353234
1 0.007660 1.263365 0.012720 0.417261 -0.016425 0.356014
1 0.016305 1.307921 0.002820 0.456500 -0.015080 0.352476
1 0.032860 1.410841 -0.002155 0.452136 -0.019265 0.368327
1 0.060195 1.543168 -0.001970 0.452269 -0.011350 0.327871
1 0.023115 1.368273 -0.001055 0.449642 -0.022040 0.280734
1 0.031880 1.429900 -0.015015 0.551773 -0.019570 0.291735
1 -0.015190 1.511269 0.000470 0.530412 -0.036800 0.326533
1 0.009915 1.290829 0.000375 0.530967 -0.024675 0.278269
1 0.010375 1.289527 0.013445 0.488753 -0.025530 0.278433
1 0.014530 1.272712 0.017600 0.498106 -0.020770 0.263307
1 0.010955 1.262414 0.030180 0.541585 -0.007605 0.254860
1 0.017185 1.294884 0.032745 0.553423 0.005990 0.261054
1 0.013210 1.243385 0.043250 0.566344 0.001440 0.229001
1 0.007040 1.238327 0.055225 0.670617 -0.002840 0.220727
1 0.006490 1.238988 0.033570 0.581025 -0.005130 0.209377
1 0.001235 1.294574 0.041485 0.578674 -0.016400 0.213372
1 0.003255 1.279730 0.027830 0.459866 -0.014535 0.215187
1 0.027355 1.024014 0.024930 0.453860 -0.006685 0.200878
1 0.029925 1.020567 0.030275 0.474720 -0.011175 0.213244
1 0.020730 1.011378 0.026150 0.459946 -0.006500 0.193738
1 0.007995 0.970050 0.029115 0.449921 -0.004605 0.190981
1 -0.002420 0.923553 0.038095 0.410560 -0.005310 0.192671
1 -0.001475 0.936093 0.041850 0.411724 -0.002900 0.181768
1 -0.017415 0.784489 0.033300 0.434836 -0.003420 0.182901
1 0.015695 0.890896 0.025635 0.478012 -0.004000 0.182973
1 0.000515 0.822528 0.044295 0.374973 -0.008275 0.167146
1 0.040315 0.637027 0.022275 0.464695 0.013565 0.161963
1 0.040590 0.637380 0.030310 0.442851 0.013045 0.161665
1 0.042115 0.634177 0.024480 0.445036 0.015550 0.162641
1 0.041840 0.634879 0.018980 0.435683 0.029665 0.223064
1 0.044835 0.642628 0.009360 0.390857 0.030395 0.226588
1 0.040680 0.617763 0.007315 0.380900 0.024895 0.206586
1 0.020920 0.549978 0.002305 0.363393 0.017320 0.190226
1 0.031065 0.574103 -0.011560 0.251651 0.020590 0.195099
1 0.007275 0.834897 -0.001115 0.249089 0.003825 0.240338
1 0.017205 0.748263 -0.002555 0.245674 0.014605 0.233973
1 0.025815 0.721270 -0.012845 0.253829 0.017385 0.241668
1 0.028685 0.721711 -0.017090 0.256818 0.016530 0.240881
1 0.031860 0.724738 -0.033125 0.261112 0.018120 0.234574
1 0.035495 0.720226 -0.045190 0.294408 0.020135 0.231446
1 0.044015 0.733078 -0.050780 0.318333 0.020960 0.231101
1 0.041755 0.734628 -0.067515 0.440494 0.019040 0.237813
1 0.018545 0.634832 -0.072095 0.439579 0.015195 0.257577
1 -0.006505 0.808079 -0.064035 0.417915 0.006610 0.307780
1 -0.032925 0.651476 -0.048915 0.380432 0.005080 0.309292
1 -0.034025 0.653594 -0.044025 0.400290 -0.001855 0.314820
1 -0.047405 0.572920 -0.029705 0.299846 -0.009030 0.274318
1 -0.047280 0.573122 -0.031020 0.299737 -0.006405 0.278144
1 -0.032740 0.638378 -0.020700 0.315503 -0.003870 0.284340
1 -0.014965 0.719747 -0.015015 0.326041 -0.012180 0.228962
1 -0.014110 0.723375 -0.004845 0.376158 -0.019995 0.212659
1 -0.012125 0.733753 0.001600 0.419012 -0.016635 0.222311
1 0.005405 0.779449 0.008595 0.449005 -0.016910 0.222559
1 -0.020560 0.880267 0.009815 0.452633 -0.035845 0.311275
1 0.005065 0.619545 0.007005 0.444823 -0.016695 0.279343
1 0.007020 0.611807 0.010030 0.453853 -0.025585 0.277331
1 0.005740 0.612028 0.015070 0.439070 -0.037500 0.286755
1 0.003510 0.611014 0.015650 0.437776 -0.035975 0.288730
1 -0.000280 0.608115 0.022610 0.410032 -0.030600 0.282928
1 0.008640 0.642365 0.032660 0.372854 -0.027665 0.284467
1 0.018200 0.726428 0.037545 0.349757 -0.023785 0.290502
1 0.015695 0.732790 0.057425 0.225408 -0.017345 0.280154
1 -0.003885 0.982784 0.065305 0.235315 -0.019330 0.294846
1 0.011055 0.819114 0.067840 0.238562 -0.006655 0.242067
1 0.011360 0.817717 0.065150 0.232518 -0.003750 0.240860
1 0.012430 0.815547 0.054275 0.216699 -0.000875 0.233921
1 0.002320 0.850555 0.057485 0.216097 -0.016730 0.290371
1 -0.004005 0.856579 0.059380 0.216357 -0.025250 0.297818
1 -0.013260 0.796058 0.051565 0.197858 -0.027450 0.292052
1 -0.018755 0.743998 0.052020 0.199756 -0.025495 0.300183
1 -0.012890 0.784664 0.047530 0.167964 -0.013370 0.346462
1 -0.010475 0.801534 0.050825 0.202376 -0.013310 0.346716
1 -0.032220 0.780730 0.048445 0.187990 -0.020060 0.371790
1 -0.019820 0.665758 0.048110 0.186901 -0.004545 0.277437
1 -0.020310 0.665805 0.038735 0.207197 -0.008640 0.259767
1 -0.008400 0.685203 0.025145 0.224699 -0.000485 0.258944
1 0.001160 0.715405 0.009995 0.330554 0.012160 0.251690
1 0.007235 0.727516 0.008100 0.335754 0.009750 0.249651
1 0.007635 0.727275 0.018425 0.366104 0.000435 0.275101
1 0.015210 0.806231 0.017050 0.366392 0.003425 0.283569
1 -0.005040 0.714420 0.023740 0.365932 -0.002500 0.279510
1 0.000735 0.707527 0.024415 0.367291 -0.003140 0.279076
1 0.013535 0.509354 0.023590 0.363864 0.009780 0.239404
1 0.014940 0.503118 0.008260 0.421135 0.010940 0.240939
1 0.021475 0.490973 0.006885 0.420119 0.006325 0.246141
1 0.021750 0.490558 0.019315 0.447090 0.004585 0.249577
1 0.042550 0.506443 0.014700 0.450191 0.022485 0.199689
1 0.052205 0.509178 0.020200 0.467665 0.030915 0.191213
1 0.046130 0.507406 0.020595 0.467455 0.028685 0.189571
1 0.033975 0.479426 0.010945 0.462008 0.036475 0.251415
1 0.022950 0.426715 0.003100 0.444499 0.035495 0.243414
1 -0.008175 0.567922 -0.010520 0.357066 0.022055 0.259617
1 0.001785 0.530138 -0.015040 0.341655 0.033170 0.236750
1 0.004075 0.522228 -0.014585 0.343213 0.032770 0.236801
1 -0.001420 0.536145 -0.006340 0.322525 0.030175 0.232745
1 -0.010950 0.511707 -0.002675 0.303522 0.032255 0.240902
1 -0.015440 0.488330 0.009355 0.204796 0.023370 0.233026
1 -0.012080 0.507830 0.009235 0.205222 0.020345 0.237109
1 -0.016540 0.517568 0.003705 0.178285 0.021135 0.232232
1 -0.041895 0.431553 0.000410 0.185027 0.016645 0.222362
1 -0.049135 0.477606 -0.016265 0.251830 0.012550 0.236085
1 -0.048035 0.479420 -0.032665 0.320366 0.009895 0.237860
1 -0.044155 0.445649 -0.038685 0.311124 0.002195 0.245468
1 -0.029345 0.477483 -0.038195 0.306438 0.003235 0.247775
1 -0.032520 0.478805 -0.039565 0.306802 0.001800 0.252848
1 -0.015265 0.575325 -0.053125 0.281897 0.006775 0.249472
1 -0.019080 0.546117 -0.040935 0.312202 -0.000585 0.238802
1 -0.011415 0.602351 -0.043810 0.299705 0.001125 0.244109
1 -0.014870 0.614083 -0.047290 0.305387 0.010685 0.279635
1 -0.003020 0.641076 -0.035410 0.324047 0.006375 0.239212
1 -0.028310 0.885293 -0.021330 0.391585 -0.010085 0.218412
1 -0.019970 0.771972 -0.010395 0.450303 -0.000340 0.192923
1 -0.020155 0.771944 -0.006975 0.460431 -0.000125 0.193467
1 -0.013160 0.774037 -0.008500 0.455885 0.003940 0.199167
1 -0.004855 0.762510 -0.008380 0.455985 0.001925 0.199618
1 0.008370 0.815761 -0.012535 0.478293 -0.005835 0.186302
1 0.017500 0.879763 -0.015495 0.491743 -0.002660 0.182068
1 0.001345 0.869437 -0.022155 0.533078 -0.000305 0.178369
1 0.002355 0.865806 -0.031040 0.540441 0.006325 0.157351
1 -0.014410 1.092166 -0.028415 0.534534 -0.007755 0.230435
1 -0.016060 1.108629 -0.009450 0.476347 -0.004640 0.218904
1 -0.024125 1.118257 0.005545 0.404579 -0.005100 0.219770
1 -0.012825 1.087893 0.005180 0.404981 -0.001495 0.210370
1 -0.029040 1.062665 0.021030 0.355367 -0.010660 0.219662
1 -0.017495 1.096336 0.025885 0.360237 -0.002045 0.214103
1 -0.024765 1.026673 0.037005 0.368078 -0.001095 0.215721
1 -0.033805 1.003725 0.042015 0.414135 -0.000240 0.214742
1 -0.049565 0.938299 0.043910 0.421305 0.003855 0.236947
1 -0.045685 0.926051 0.061835 0.492078 -0.009430 0.207141
1 -0.074640 1.055239 0.054170 0.468638 -0.034565 0.265907
1 -0.055705 0.826132 0.043140 0.403973 -0.030045 0.250306
1 -0.041960 0.761471 0.033790 0.348854 -0.032795 0.249661
1 -0.035975 0.776481 0.024260 0.344642 -0.032095 0.251733
1 -0.032490 0.792255 0.016165 0.352109 -0.028125 0.270314
1 -0.022715 0.849744 0.008775 0.367753 -0.022080 0.279044
1 -0.027050 0.816643 0.018275 0.336602 -0.024370 0.284223
1 -0.033155 0.765934 0.024475 0.316026 -0.021375 0.287732
1 -0.017580 0.773359 0.034310 0.266529 -0.021440 0.287772
1 -0.027725 0.846410 0.040355 0.253879 -0.030785 0.327000
1 -0.000330 0.593446 0.034580 0.274928 -0.013345 0.260661
1 0.021845 0.553098 0.032595 0.267745 -0.010655 0.256981
1 0.033055 0.552752 0.032290 0.267433 -0.012485 0.262077
1 0.038645 0.574890 0.037755 0.272242 -0.005490 0.273577
1 0.058650 0.633559 0.032835 0.266351 0.009845 0.295623
1 0.054250 0.608852 0.032740 0.266077 0.009295 0.294221
1 0.039440 0.599754 0.039520 0.319339 0.005595 0.292056
1 0.035560 0.610475 0.027270 0.242051 0.014420 0.315937
1 0.025085 0.678422 0.029530 0.254425 -0.001370 0.304332
1 0.005140 0.872053 0.024065 0.205325 -0.005615 0.324568
1 0.025940 0.708251 0.026995 0.208926 0.013995 0.234354
1 0.034035 0.696287 0.028830 0.213011 0.017290 0.232966
1 0.042985 0.733868 0.027215 0.210540 0.018880 0.232445
1 0.044085 0.739563 0.032315 0.203749 0.016195 0.226895
1 0.049060 0.778113 0.031825 0.205895 0.014240 0.216347
1 0.043045 0.734577 0.041475 0.193724 0.014545 0.217538
1 0.017510 0.847507 0.041810 0.193924 0.017660 0.211276
1 0.002875 0.848537 0.035335 0.216348 0.006785 0.233574
1 -0.031485 1.091098 0.051370 0.301130 -0.008425 0.336491
1 -0.024640 1.032848 0.048990 0.302683 -0.005465 0.316392
1 -0.025830 1.031336 0.059500 0.283928 -0.015695 0.326037
1 -0.034105 0.999709 0.059260 0.283285 -0.018690 0.330469
1 -0.033770 1.001287 0.053515 0.291597 -0.011575 0.325746
1 -0.032090 1.013057 0.051195 0.286717 -0.015670 0.314226
1 -0.046355 0.935963 0.051775 0.286386 -0.024985 0.277985
1 -0.042505 0.957510 0.048725 0.281520 -0.014325 0.348888
1 -0.037745 0.942127 0.034550 0.212250 -0.019025 0.361703
1 -0.044620 0.989617 0.029205 0.216130 -0.038695 0.392275
1 -0.038910 0.942519 0.014880 0.206648 -0.035430 0.378602
1 -0.020035 0.752880 0.005135 0.178056 -0.029170 0.354167
1 -0.021165 0.752807 -0.000910 0.177876 -0.034210 0.347618
1 -0.021260 0.752633 -0.009555 0.181607 -0.032100 0.351497
1 -0.028165 0.717118 -0.015725 0.190878 -0.031705 0.351720
1 -0.028835 0.713438 -0.018810 0.192209 -0.033780 0.351173
1 -0.031610 0.689066 -0.019970 0.197937 -0.037080 0.339970
1 -0.031400 0.690131 -0.032705 0.228110 -0.038605 0.334600
1 -0.027490 0.639485 -0.047000 0.297045 -0.044895 0.354505
1 -0.022145 0.619621 -0.046635 0.294951 -0.033500 0.334682
1 0.002200 0.350023 -0.061355 0.206513 -0.017160 0.232306
1 0.005680 0.334558 -0.061570 0.206829 -0.012945 0.215851
1 0.011545 0.352580 -0.062670 0.204395 -0.002040 0.208447
1 0.025015 0.430752 -0.062795 0.204048 0.008470 0.224060
1 0.028465 0.451806 -0.056805 0.197361 0.007615 0.222526
1 0.023330 0.423532 -0.053840 0.205001 0.006885 0.221912
1 0.016610 0.444417 -0.065415 0.259944 0.012965 0.237332
1 0.013130 0.424838 -0.062545 0.264973 0.002335 0.167081
1 -0.005650 0.592496 -0.054755 0.284707 -0.002645 0.200107
1 0.006020 0.533301 -0.053470 0.281908 0.013025 0.149612
1 0.013500 0.510296 -0.041800 0.278866 0.016235 0.144151
1 0.020465 0.511662 -0.042440 0.279580 0.015255 0.146001
1 0.030575 0.547703 -0.041615 0.277955 0.015865 0.145655
1 0.038975 0.589993 -0.041430 0.277262 0.008045 0.149846
1 0.053240 0.703339 -0.038835 0.269794 0.005540 0.150737
1 0.032285 0.772481 -0.041340 0.276362 -0.000265 0.167915
1 0.020950 0.738195 -0.048850 0.339099 -0.005975 0.169478
1 -0.014570 1.062222 -0.036905 0.307418 -0.021095 0.217634
1 -0.001650 0.981294 -0.029785 0.252556 -0.014375 0.197202
1 -0.001585 0.981190 -0.022545 0.232750 -0.022500 0.201046
1 -0.005130 0.991000 -0.023220 0.232893 -0.026165 0.205434
1 -0.001280 0.985235 -0.022550 0.231981 -0.017460 0.216556
1 0.002845 1.014458 -0.025240 0.230313 -0.018195 0.214050
1 -0.004245 0.954949 -0.021175 0.247681 -0.027420 0.195124
1 -0.009100 0.927725 -0.007095 0.343710 -0.028490 0.193951
1 -0.004580 0.951797 -0.004530 0.355739 -0.022625 0.211318
1 0.001070 0.932064 0.006375 0.299733 -0.029285 0.195495
1 -0.010265 0.935021 0.006250 0.299394 -0.034570 0.193794
1 0.013740 0.770983 -0.001965 0.280978 -0.021650 0.149869
1 0.018475 0.777886 -0.001325 0.280010 -0.026050 0.143956
1 0.023700 0.788251 -0.015470 0.298812 -0.024710 0.144223
1 0.016735 0.786931 -0.021730 0.323369 -0.025440 0.146040
1 0.015300 0.776808 -0.019625 0.321599 -0.015210 0.185330
1 0.023215 0.868555 -0.015075 0.312966 -0.001220 0.212924
1 -0.005100 0.800602 -0.009210 0.315607 -0.007510 0.237149
1 0.028925 0.868318 -0.006615 0.308730 0.001590 0.222315
1 0.012370 1.002733 0.019160 0.279075 0.000980 0.224030
1 0.041570 0.661153 0.005935 0.322388 0.016955 0.177895
1 0.041600 0.661118 0.013385 0.307761 0.018360 0.178090
1 0.038420 0.670429 0.017325 0.314275 0.025110 0.170641
1 0.052745 0.691155 0.015705 0.316234 0.037360 0.196679
1 0.056685 0.697075 0.024290 0.335584 0.032110 0.183310
1 0.044130 0.651711 0.029085 0.342109 0.026825 0.178516
1 0.046330 0.665671 0.027035 0.331908 0.041820 0.242175
1 0.046085 0.664823 0.012070 0.236149 0.046370 0.252839
1 0.024310 0.700978 0.003825 0.216442 0.034275 0.248759
1 0.022145 0.705630 0.003580 0.216657 0.041300 0.265580
1 0.030425 0.692841 -0.006530 0.230498 0.048755 0.273303
1 0.025140 0.689657 -0.008455 0.233954 0.046890 0.271680
1 0.016465 0.690764 -0.013740 0.251668 0.047350 0.271507
1 0.015335 0.686659 -0.011110 0.236079 0.049000 0.273566
1 0.022210 0.687735 0.002970 0.224479 0.054220 0.269144
1 0.025750 0.715630 -0.012730 0.323550 0.044420 0.231185
1 -0.006170 0.651522 -0.004575 0.349380 0.019160 0.297254
1 -0.011820 0.714519 -0.004485 0.349633 0.013785 0.343258
1 -0.026540 0.570641 -0.022260 0.504476 0.014915 0.346001
1 -0.009925 0.437429 -0.031790 0.452880 0.015465 0.344427
1 -0.009710 0.437460 -0.020520 0.408029 0.009905 0.337362
1 -0.016585 0.463665 -0.010595 0.458022 0.007920 0.337513
1 -0.003325 0.479629 -0.011480 0.455431 0.013385 0.358305
1 -0.003570 0.477871 -0.001675 0.476131 0.008650 0.333816
1 -0.003660 0.477586 0.009320 0.587382 0.008585 0.333786
1 -0.005280 0.480741 -0.002895 0.606443 0.010815 0.333171
1 -0.018565 0.453827 0.006360 0.679655 -0.008090 0.281234
1 -0.032280 0.480971 0.012650 0.698204 -0.013830 0.269881
1 -0.021745 0.417425 0.015580 0.698941 -0.002805 0.269954
1 -0.016310 0.413316 0.021690 0.707732 -0.011845 0.254779
1 -0.016405 0.413144 0.029115 0.689193 -0.022140 0.254532
1 -0.013105 0.412792 0.027130 0.696002 -0.024305 0.255830
1 -0.003455 0.415886 0.024535 0.713071 -0.024090 0.255838
1 0.004945 0.471078 0.025175 0.710067 -0.024210 0.255598
1 -0.011030 0.526031 0.016135 0.699737 -0.035540 0.291041
1 -0.019215 0.476100 0.037825 0.613455 -0.037345 0.292119
1 -0.028590 0.611496 0.035350 0.600217 -0.027205 0.205569
1 -0.013380 0.500432 0.019225 0.659244 -0.008420 0.146840
1 -0.025110 0.509880 0.038650 0.501205 -0.015505 0.146147
1 -0.024590 0.509282 0.032850 0.506097 -0.014745 0.144415
1 -0.018055 0.528003 0.031840 0.506089 -0.013615 0.143910
1 0.001250 0.550219 0.029580 0.487986 -0.009280 0.147832
1 -0.001960 0.533512 0.035290 0.515229 -0.014565 0.127105
1 -0.010725 0.502145 0.044120 0.598872 -0.005220 0.193060
1 -0.010575 0.502624 0.016355 0.505650 0.007335 0.261911
1 -0.015280 0.523609 0.033430 0.511459 -0.001615 0.288311
1 -0.021600 0.560285 0.028880 0.467171 0.002875 0.274763
1 -0.009350 0.528618 0.022250 0.448734 0.012710 0.309957
1 -0.005530 0.527361 0.025000 0.455622 0.002445 0.307094
1 -0.003790 0.530989 0.022650 0.448731 0.001250 0.310003
1 -0.000795 0.539814 0.017245 0.457800 0.005525 0.299637
1 0.002930 0.549767 0.021460 0.447175 0.006805 0.298341
1 0.009955 0.598669 0.023595 0.432753 0.006835 0.298343
1 -0.005625 0.541090 0.031015 0.421811 -0.003365 0.320533
1 0.015175 0.509359 0.027440 0.435827 0.005220 0.283722
1 -0.002875 0.589434 0.030920 0.457005 -0.001895 0.313899
1 0.015205 0.390187 0.023285 0.446898 0.003175 0.301136
1 0.016090 0.389357 0.029605 0.398987 -0.004125 0.290676
1 0.015570 0.392360 0.032540 0.401346 -0.006505 0.299485
1 0.021985 0.402217 0.034740 0.396331 -0.000790 0.301138
1 0.026930 0.438637 0.034250 0.396624 0.007305 0.327103
1 0.021190 0.401259 0.027225 0.366441 0.003550 0.322961
1 0.020060 0.397387 0.027410 0.367762 0.000220 0.321468
1 0.021405 0.398135 0.007615 0.266194 -0.008025 0.259747
1 0.013680 0.397278 0.019740 0.231452 -0.028365 0.210761
1 0.006105 0.468618 0.013965 0.203291 -0.025980 0.197606
1 0.015970 0.424777 -0.002040 0.178290 -0.020085 0.204586
1 0.006500 0.439233 -0.000145 0.180072 -0.033465 0.174755
1 0.003050 0.439942 -0.005460 0.171931 -0.029125 0.166016
1 -0.008710 0.462596 -0.004975 0.173020 -0.026345 0.161178
1 -0.014420 0.451866 -0.003815 0.169160 -0.021490 0.167401
1 -0.010815 0.472167 -0.010995 0.195390 -0.019230 0.168433
1 -0.023855 0.412148 -0.012490 0.205004 -0.025155 0.181620
1 -0.009710 0.456840 -0.022600 0.229883 -0.001000 0.264620
1 -0.032190 0.505084 -0.028340 0.273146 0.002295 0.266152
1 -0.028310 0.466162 -0.045900 0.262852 0.006785 0.242368
1 -0.034510 0.504560 -0.039270 0.269887 0.001290 0.257172
1 -0.035730 0.505743 -0.030685 0.257044 0.000160 0.259365
1 -0.034295 0.498126 -0.030105 0.258397 0.003365 0.248515
1 -0.032460 0.507192 -0.023630 0.266890 0.005255 0.254781
1 -0.036580 0.475002 -0.018255 0.274780 -0.001585 0.229389
1 -0.037500 0.471350 -0.011625 0.302824 -0.002475 0.230047
1 -0.039975 0.466144 -0.032030 0.320176 0.006325 0.253245
1 -0.033255 0.492333 -0.027965 0.315842 0.007850 0.260528
1 -0.040955 0.538147 -0.030040 0.313269 0.006565 0.268614
1 -0.032525 0.462424 -0.038620 0.319819 0.011665 0.255384
1 -0.038760 0.480497 -0.035565 0.309029 0.010990 0.253221
1 -0.035705 0.468291 -0.040270 0.309547 0.015540 0.246931
1 -0.033875 0.466874 -0.038165 0.310222 0.016455 0.246925
1 -0.019610 0.454370 -0.045740 0.314146 0.017615 0.246631
1 -0.014020 0.464665 -0.043850 0.310317 0.012335 0.241171
1 -0.021840 0.433730 -0.036975 0.284816 0.007630 0.243909
1 -0.042395 0.614733 -0.020420 0.278648 0.006865 0.247704
1 -0.057760 0.572661 -0.022740 0.295873 -0.009750 0.140888
1 -0.044930 0.496383 -0.015930 0.247377 -0.012285 0.138880
1 -0.045420 0.500619 -0.004110 0.226527 -0.012285 0.138880
1 -0.035465 0.454098 -0.008050 0.218394 -0.008835 0.126864
1 -0.037755 0.459527 -0.002095 0.243763 -0.012960 0.143447
1 -0.022235 0.482248 -0.005485 0.239846 -0.008530 0.142090
1 -0.019700 0.499141 -0.008785 0.231456 -0.014025 0.131624
1 -0.024315 0.479325 -0.008355 0.233075 -0.018640 0.135470
1 -0.021900 0.490289 -0.004140 0.269116 -0.015980 0.135466
1 -0.021685 0.490540 0.008810 0.218861 -0.012440 0.162386
1 -0.039280 0.498722 0.010520 0.220853 -0.024135 0.153514
1 -0.041265 0.518210 0.016050 0.234885 -0.021415 0.138123
1 -0.035430 0.499110 0.021360 0.223323 -0.012405 0.166071
1 -0.023790 0.490394 0.022000 0.221933 -0.009530 0.177939
1 -0.014930 0.496904 0.021420 0.223292 -0.014600 0.185746
1 -0.008455 0.513100 0.018185 0.224100 -0.018235 0.189487
1 -0.007110 0.520269 0.020170 0.218390 -0.019090 0.189539
1 0.001685 0.586824 0.014615 0.238481 -0.016800 0.189318
1 -0.018075 0.727033 0.017575 0.238812 -0.024065 0.227889
1 0.015400 0.603198 -0.007625 0.337040 -0.009740 0.235221
1 -0.005310 0.847620 0.009875 0.312571 -0.021315 0.291000
1 -0.010230 0.861733 0.012560 0.303484 -0.027085 0.305446
1 -0.004945 0.825780 0.016130 0.318990 -0.027665 0.307574
1 -0.008150 0.832321 0.017990 0.321195 -0.028245 0.308908
1 -0.007080 0.829200 0.014050 0.301401 -0.023325 0.290840
1 -0.005340 0.843677 0.021590 0.322304 -0.021770 0.294123
1 -0.006535 0.835109 0.021500 0.322203 -0.017830 0.299243
1 0.000280 0.870113 0.030940 0.394358 -0.010590 0.300781
1 -0.004365 0.853363 0.013345 0.339080 -0.004300 0.323166
1 0.006265 0.911382 0.018785 0.357836 -0.013555 0.274042
1 -0.001370 0.992488 0.019335 0.358963 -0.015540 0.283413
1 -0.002165 1.001238 0.014690 0.345567 -0.006560 0.274416
1 -0.006745 1.014241 0.015820 0.346026 -0.013250 0.247550
1 -0.008425 1.008880 0.013315 0.353298 -0.024095 0.237190
1 -0.011605 0.999378 0.013470 0.352911 -0.021985 0.231489
1 -0.010655 1.004575 0.009225 0.366600 -0.019510 0.227814
1 -0.007295 1.028814 0.007730 0.370575 -0.018010 0.228111
1 -0.020460 0.951907 0.010815 0.356419 -0.022715 0.233085
1 -0.015970 0.892713 0.013780 0.363800 -0.016335 0.196943
1 -0.042485 0.915504 0.028535 0.244162 -0.030230 0.187264
1 -0.022660 0.676001 0.017330 0.232104 -0.024885 0.148316
1 -0.024765 0.687887 0.025395 0.239324 -0.026535 0.157339
1 -0.025650 0.692318 0.019380 0.219179 -0.026080 0.155646
1 -0.025560 0.692026 0.015225 0.218068 -0.023545 0.151781
1 -0.016580 0.702175 0.011835 0.210959 -0.016095 0.161195
1 -0.016550 0.702446 0.003375 0.190445 -0.012885 0.174039
1 -0.025710 0.674432 0.005815 0.195576 -0.019085 0.171633
1 -0.033470 0.637098 -0.001030 0.135825 -0.017405 0.177998
1 -0.038445 0.637964 0.006455 0.129362 -0.020765 0.162024
1 -0.054360 0.583235 0.000865 0.110285 -0.024030 0.160957
1 -0.050785 0.539846 0.006240 0.134209 -0.020335 0.146097
1 -0.043115 0.477212 0.011405 0.150263 -0.022625 0.142215
1 -0.038900 0.464938 0.014155 0.155660 -0.019660 0.149771
1 -0.046935 0.469953 0.019380 0.146153 -0.015900 0.142701
1 -0.048310 0.468246 0.018740 0.147882 -0.013150 0.140569
1 -0.049960 0.459557 0.018860 0.147296 -0.015775 0.144657
1 -0.046450 0.494799 0.017700 0.151635 -0.016480 0.144297
1 -0.041225 0.509041 0.011345 0.189174 -0.016265 0.143682
1 -0.008485 0.565409 0.010365 0.185953 -0.002000 0.180375
1 0.008895 0.485941 0.005905 0.203634 0.003860 0.165339
1 0.015675 0.475577 0.000740 0.231694 0.012385 0.149907
1 0.020195 0.454044 -0.016240 0.276054 0.023075 0.129174
1 0.025265 0.436657 -0.022320 0.284599 0.029520 0.122300
1 0.027925 0.430664 -0.017430 0.287708 0.028360 0.123555
1 0.028015 0.431083 -0.017615 0.287573 0.026255 0.116593
1 0.024075 0.401927 -0.011690 0.296196 0.022925 0.103690
1 0.029085 0.408455 -0.009825 0.303386 0.027810 0.102611
1 0.035070 0.432262 -0.005245 0.339307 0.027380 0.100807
1 0.031100 0.447706 -0.002070 0.350145 0.027350 0.100708
1 0.032415 0.444343 0.003150 0.367219 0.029485 0.100223
1 0.026975 0.515321 0.004250 0.374964 0.025665 0.116157
1 0.027460 0.512870 0.005805 0.383989 0.029175 0.123476
1 0.028465 0.511903 0.005715 0.383715 0.028410 0.120930
1 0.031460 0.503560 0.007030 0.384790 0.028010 0.121181
1 0.030085 0.503581 0.010355 0.379445 0.022115 0.133632
1 0.028620 0.497921 0.011425 0.374740 0.023335 0.130956
1 0.020435 0.432237 0.009655 0.383407 0.021840 0.131625
1 0.023305 0.448976 0.007945 0.399005 0.024800 0.126680
1 0.016070 0.363352 0.000770 0.398738 0.021320 0.102939
1 -0.001275 0.442667 0.016530 0.407480 0.008250 0.174531
